#difference     diff_x           diff_y           diff_z           diff_arc_len_x   diff_arc_len_y   diff_arc_len_z   FD               DVAR
   2 -   1     -0.000600        -0.012700        -0.005000        -0.011956         0.004276         0.007156         0.041687         15.743600        
   3 -   2     -0.104000        -0.082300         0.075700         0.076794         0.061436         0.010559         0.410789         21.818100        
   4 -   3     -0.002100        -0.009300         0.020300         0.007156         0.004189        -0.001396         0.044441         11.619500        
   5 -   4      0.014300         0.011800         0.010400        -0.044419        -0.012915         0.000262         0.094096         32.282500        
   6 -   5      0.005200         0.040900        -0.061300         0.022602         0.015184         0.004712         0.149899         12.791500        
   7 -   6     -0.005300        -0.057600         0.029400        -0.001047         0.002967         0.001833         0.098147         6.676500        
   8 -   7      0.007800        -0.005800         0.009600        -0.038485        -0.026093         0.004538         0.092315         7.812300        
   9 -   8     -0.003300         0.088200        -0.047500         0.029147         0.011781         0.001047         0.180975         7.575200        
  10 -   9      0.008800        -0.066100         0.041300        -0.025395         0.003229        -0.000524         0.145347         6.580500        
  11 -  10     -0.001800        -0.049600         0.028400         0.015795        -0.005760        -0.012130         0.113485         7.420300        
  12 -  11     -0.005000         0.083200        -0.018900        -0.009250        -0.002531         0.006196         0.125077         7.636300        
  13 -  12     -0.012000        -0.009600        -0.002000        -0.023475        -0.008378        -0.003316         0.058768         7.219000        
  14 -  13     -0.009500        -0.018500        -0.025900         0.006283         0.031416        -0.007592         0.099191         7.568200        
  15 -  14      0.001000        -0.005600         0.044500         0.029583        -0.013526        -0.004538         0.098747         7.183000        
  16 -  15      0.005600        -0.041200         0.016500        -0.033423        -0.021031        -0.002967         0.120721         7.005700        
  17 -  16     -0.001600         0.046400        -0.052600         0.024522         0.008727         0.007156         0.141004         7.713300        
  18 -  17     -0.009000         0.006300        -0.021800        -0.011432         0.001745         0.002443         0.052721         7.174200        
  19 -  18     -0.000600        -0.046600         0.004500         0.022602        -0.002007         0.007679         0.083989         6.631100        
  20 -  19     -0.002800         0.002600         0.039100         0.002182         0.004451        -0.006545         0.057677         7.362600        
  21 -  20     -0.002400         0.024600        -0.019600        -0.008465        -0.022340        -0.000349         0.077754         7.546400        
  22 -  21     -0.001600         0.030300        -0.038300         0.012217         0.030631         0.009512         0.122560         7.984000        
  23 -  22      0.003300        -0.024400         0.017900        -0.009250        -0.010996        -0.003665         0.069511         6.711500        
  24 -  23      0.009100        -0.028400         0.009100        -0.000436         0.006981         0.001047         0.055065         6.735800        
  25 -  24      0.009600         0.035800         0.059000         0.012392        -0.002793        -0.005498         0.125082         7.887600        
  26 -  25     -0.002200         0.012100        -0.056400        -0.004538        -0.013526        -0.000785         0.089550         6.108900        
  27 -  26      0.011200        -0.023500         0.016100         0.007243         0.013701        -0.000175         0.071918         7.656200        
  28 -  27      0.003700        -0.016500         0.018900        -0.023126        -0.001745        -0.001484         0.065454         6.923900        
  29 -  28     -0.003800        -0.010000        -0.018600         0.027751        -0.002007         0.000262         0.062420         6.444900        
  30 -  29      0.003800         0.032600         0.028500        -0.014224        -0.001047         0.004451         0.084622         6.624200        
  31 -  30     -0.006100         0.035600        -0.036000         0.005760        -0.020071         0.003491         0.107022         6.470400        
  32 -  31      0.003400        -0.056000        -0.014600         0.003403         0.015882         0.004189         0.097475         7.245600        
  33 -  32     -0.006900        -0.008800         0.068700         0.007854        -0.017366        -0.016144         0.125764         6.983300        
  34 -  33      0.009300         0.028800        -0.060900         0.003403         0.015533         0.017628         0.135565         7.611400        
  35 -  34      0.007400         0.024200         0.013300         0.010559        -0.015184         0.006109         0.076752         6.406600        
  36 -  35     -0.016000        -0.086800         0.022700        -0.014050         0.037874        -0.008552         0.185976         8.944800        
  37 -  36     -0.029400        -0.003500        -0.108400        -0.104458        -0.011956         0.014399         0.272112         11.117700        
  38 -  37     -0.016500         0.208000        -0.047400        -0.120951         0.034994        -0.030543         0.458388         14.773100        
  39 -  38      0.120100         0.081900         0.050500        -0.130900         0.108647         0.020769         0.512816         14.236000        
  40 -  39      0.312900         0.038500        -0.033000        -0.013701        -0.023824         0.124267         0.546192         12.678100        
  41 -  40      0.085400         0.008300        -0.148100        -0.034732        -0.033249         0.029060         0.338840         14.714500        
  42 -  41      0.056000        -0.072100        -0.260700         0.040143         0.088663        -0.010472         0.528077         16.393000        
  43 -  42     -0.108300         0.077400        -0.381200         0.259880         0.093899        -0.143990         1.064668         16.057600        
  44 -  43     -0.137700        -0.139100        -0.156800        -0.008290         0.146608        -0.035256         0.623754         18.594900        
  45 -  44      0.089100        -0.217900         0.072600         0.110916        -0.078191        -0.010734         0.579440         16.432100        
  46 -  45     -0.138800         0.423400         0.158800        -0.027402         0.057945        -0.059254         0.865601         13.079500        
  47 -  46      0.053900        -0.038000        -0.130000         0.152018        -0.015708         0.038310         0.427936         20.105800        
  48 -  47     -0.404600         0.177100        -0.132600        -0.050615         0.074176        -0.142157         0.981248         16.792200        
  49 -  48     -0.345100         0.015700        -0.252700         0.141895         0.182736        -0.122260         1.060392         20.126300        
  50 -  49      0.079700        -0.495100         0.354800        -0.010908        -0.114494         0.062221         1.117223         14.143400        
  51 -  50      0.031700         0.009600         0.305100        -0.082554        -0.026878         0.046251         0.502083         15.602200        
  52 -  51      0.025200        -0.047200         0.177800        -0.021642        -0.052360        -0.014486         0.338688         13.024500        
  53 -  52     -0.005800        -0.002000         0.027700        -0.026180         0.030281         0.012305         0.104266         10.364800        
  54 -  53      0.015800         0.077100        -0.240500         0.108210        -0.035605         0.018850         0.496065         14.466200        
  55 -  54     -0.033100        -0.053300        -0.397000         0.018326         0.027227         0.041801         0.570754         14.674700        
  56 -  55      0.039600         0.010500         0.115900        -0.166853        -0.014661         0.059254         0.406768         12.443800        
  57 -  56      0.011000         0.084400         0.018600        -0.021817         0.049306         0.019460         0.204583         8.585000        
  58 -  57     -0.038000        -0.100900         0.012300        -0.049131        -0.004625        -0.020944         0.225900         9.478000        
  59 -  58      0.018600         0.014300        -0.019300         0.050615         0.007854         0.032376         0.143044         8.278500        
  60 -  59     -0.024000         0.024500        -0.019900         0.028274         0.001571        -0.027053         0.125298         8.267400        
  61 -  60      0.013700        -0.089000        -0.109500         0.091455         0.048433         0.007330         0.359419         9.274500        
  62 -  61      0.008100         0.040100         0.042000        -0.244695         0.013003         0.002007         0.349905         16.080700        
  63 -  62     -0.005700         0.178300        -0.317000        -0.414341         0.256302        -0.093724         1.265367         20.835300        
  64 -  63     -0.002600         0.320400        -0.396600         0.051662         0.012130        -0.038746         0.822138         25.050900        
  65 -  64     -0.094600        -0.035300        -0.144800         0.061087        -0.000262         0.044942         0.380991         22.431600        
  66 -  65     -0.136300        -0.175500         0.074700         0.250455        -0.046688        -0.068941         0.752583         20.349900        
  67 -  66     -0.040300        -0.193700         0.045600         0.036303         0.007767        -0.022951         0.346621         14.635100        
  68 -  67      0.044400         0.090900         0.013100        -0.082554         0.019984         0.017366         0.268304         11.054900        
  69 -  68      0.002800        -0.169700         0.328600         0.030194        -0.010123         0.003578         0.544995         17.647200        
  70 -  69      0.052400        -0.035100         0.469000        -0.019897        -0.001658        -0.020857         0.598912         14.514400        
  71 -  70      0.064700         0.150100         0.221500        -0.036477         0.023475         0.026616         0.522868         14.032600        
  72 -  71      0.029400        -0.022600        -0.029500        -0.032201        -0.016668         0.030892         0.161262         10.598500        
  73 -  72     -0.008000         0.047100         0.022500        -0.022602         0.001920        -0.000785         0.102907         7.475200        
  74 -  73     -0.029300        -0.095200         0.023100        -0.037088         0.010821        -0.011257         0.206767         8.282400        
  75 -  74      0.002200         0.044400         0.155000        -0.246440        -0.010123         0.047997         0.506160         10.517900        
  76 -  75      0.020300        -0.020600         0.019300         0.057509        -0.012479         0.008203         0.138391         9.537300        
  77 -  76     -0.005400         0.057900        -0.003700        -0.001484         0.039357         0.006807         0.114647         8.026600        
  78 -  77     -0.000100        -0.081900         0.005700        -0.006545         0.037001         0.000175         0.131420         8.544100        
  79 -  78      0.035500         0.011200         0.090200         0.077493         0.033161         0.001047         0.248601         8.741100        
  80 -  79     -0.007800         0.031700         0.018500        -0.050353         0.018937         0.007679         0.134969         8.261300        
  81 -  80     -0.022900         0.005800        -0.080500         0.029583        -0.011519        -0.036041         0.186344         8.785500        
  82 -  81     -0.017300         0.020300        -0.037000        -0.050178         0.063705         0.006545         0.195028         13.054000        
