#difference     diff_x           diff_y           diff_z           diff_arc_len_x   diff_arc_len_y   diff_arc_len_z   FD               DVAR
   2 -   1      0.039600         0.042800         0.047300         0.054891         0.025133         0.013526         0.223250         19.098400        
   3 -   2     -0.133500        -0.059900        -0.020000         0.018675         0.185965        -0.175406         0.593445         26.720000        
   4 -   3      0.011700         0.006400        -0.043600         0.041103        -0.016493        -0.000175         0.119470         13.902200        
   5 -   4      0.028700        -0.038000        -0.010000         0.047997         0.016930        -0.015970         0.157596         41.696100        
   6 -   5      0.011700         0.012300        -0.051200         0.076882         0.009163        -0.002880         0.164125         12.991800        
   7 -   6      0.017100        -0.042800         0.179200        -0.255865        -0.088837         0.089448         0.673251         15.766600        
   8 -   7      0.014300         0.206300         0.476800        -0.338158        -0.076184         0.024435         1.136176         16.241500        
   9 -   8      0.038000         0.041400         0.057200        -0.127845        -0.055065         0.071733         0.391244         13.566800        
  10 -   9      0.002400        -0.069400         0.023700         0.005585         0.032550         0.003054         0.136690         9.794500        
  11 -  10      0.006700        -0.063900        -0.004000         0.065275        -0.011170        -0.040404         0.191450         8.448800        
  12 -  11     -0.005700         0.016200         0.052000         0.019984         0.017104        -0.023824         0.134812         7.277800        
  13 -  12     -0.029700         0.058100        -0.020000         0.033161         0.010821        -0.048782         0.200564         7.066400        
  14 -  13      0.007500        -0.058700         0.054600        -0.055501        -0.016319         0.014137         0.206757         8.263900        
  15 -  14      0.024900         0.002100         0.052100         0.002793        -0.010036        -0.007330         0.099259         7.419100        
  16 -  15     -0.001100         0.086000         0.048600        -0.016493        -0.022602         0.026354         0.201150         6.485100        
  17 -  16      0.022400        -0.145800         0.048500         0.028885         0.008378         0.003054         0.257017         7.355200        
  18 -  17     -0.025300         0.041500         0.105400        -0.038310        -0.037263         0.006458         0.254230         8.627600        
  19 -  18      0.029300         0.096200        -0.119900        -0.012654         0.047386         0.037786         0.343226         8.871600        
  20 -  19      0.030800        -0.027200        -0.032700        -0.035517        -0.073740         0.211796         0.411753         12.564600        
  21 -  20      0.047000        -0.126500        -0.151200         0.069988        -0.060476         0.188583         0.643746         13.286900        
  22 -  21     -0.168700         0.127200         0.029400        -0.094161        -0.006894        -0.165981         0.592335         16.840900        
  23 -  22     -0.139600        -0.283400         0.093900         0.096080         0.002705        -0.225933         0.841619         17.315600        
  24 -  23     -0.237400         0.137000         0.045100        -0.010559         0.031503        -0.030107         0.491669         25.223200        
  25 -  24     -0.001600         0.074200        -0.696900         0.060039         0.117635         0.005585         0.955960         25.434200        
  26 -  25      0.042400        -0.007100        -0.193300        -0.247226         0.033510         0.007156         0.530692         21.919900        
  27 -  26     -0.062400        -0.001100         0.134200         0.208131         0.039270        -0.020246         0.465346         23.262700        
  28 -  27      0.088600        -0.061900         0.092900        -0.017890        -0.029147         0.032987         0.323423         21.146800        
  29 -  28      0.098000         0.068800         0.163400         0.028187         0.076096         0.096691         0.531175         14.486700        
  30 -  29      0.044600        -0.008800         0.011900         0.059603         0.038223        -0.016668         0.179794         14.432500        
  31 -  30      0.073800         0.062700         0.063500        -0.014050         0.002705         0.047298         0.264054         10.781000        
  32 -  31     -0.027100         0.021600        -0.180100        -0.062745         0.003665         0.000698         0.295908         10.601400        
  33 -  32     -0.052900        -0.085200         0.093700         0.000698        -0.028013        -0.043982         0.304493         9.877000        
  34 -  33     -0.059100         0.053000        -0.035800        -0.058730        -0.008639        -0.028187         0.243457         8.317400        
  35 -  34      0.034000         0.090600         0.033500        -0.031416        -0.010734        -0.000873         0.201122         10.212400        
  36 -  35      0.051200        -0.051300        -0.037900        -0.052622        -0.010821         0.032027         0.235870         9.208400        
  37 -  36      0.002500        -0.013600        -0.011100         0.072518        -0.023562        -0.004451         0.127731         8.783900        
  38 -  37      0.077200         0.143300        -0.149700        -0.132383         0.000000         0.058643         0.561226         9.479300        
  39 -  38      0.026800        -0.151500         0.043400         0.002443        -0.057858         0.068591         0.350593         10.927800        
  40 -  39      0.028000         0.089300         0.031100        -0.159261        -0.125838         0.137881         0.571381         11.720100        
  41 -  40     -0.035700         0.104100        -0.081000        -0.194691        -0.077754         0.073217         0.566462         14.713600        
  42 -  41      0.116700        -0.104400         0.136800        -0.475166        -0.050178         0.075835         0.959079         18.938800        
  43 -  42      0.123900         0.043100         0.140500        -0.017366        -0.007854         0.061174         0.393894         14.637200        
  44 -  43     -0.034900         0.070900        -0.140200         0.004625         0.043197         0.006196         0.300018         9.509600        
  45 -  44     -0.023600        -0.106500         0.120900         0.004625        -0.023649        -0.025220         0.304494         7.492300        
  46 -  45      0.006200         0.099700        -0.087100        -0.038485         0.002618         0.030805         0.264908         7.784200        
  47 -  46      0.019200        -0.056200         0.011800         0.054891        -0.005934        -0.008378         0.156402         7.558200        
  48 -  47     -0.050300         0.034300        -0.097800         0.007418         0.037612         0.009076         0.236505         7.562400        
  49 -  48      0.056200        -0.094300         0.146600         0.089535        -0.044506        -0.020071         0.451213         9.986600        
  50 -  49     -0.039100         0.134900        -0.152900        -0.082903         0.022078         0.016930         0.448811         9.381100        
  51 -  50      0.036100        -0.191500         0.231300         0.146084        -0.028711        -0.076009         0.709704         11.505500        
  52 -  51     -0.182900         0.328000        -0.620000        -0.128020         0.028362         0.086307         1.373588         26.180100        
  53 -  52      0.197800        -0.966200         0.680700         1.120065        -0.173660        -0.255953         3.394378         30.803400        
  54 -  53      0.029300         0.561000         1.216100        -0.742114        -0.430747        -0.152891         3.132152         26.541100        
  55 -  54     -0.102500         0.556600        -2.023800         0.067108         0.154549         0.032812         2.937369         21.507700        
  56 -  55      0.123700        -0.853800         0.258400         0.792118         0.028274         0.050178         2.106470         33.820300        
  57 -  56      0.178600        -1.100800         1.954900         1.781196        -0.290074        -0.566359         5.871929         19.684900        
  58 -  57      0.054200        -0.027000         0.823300         1.312837        -0.222093        -0.397586         2.837016         33.405300        
  59 -  58      0.011000         0.250500        -0.059500         0.125576        -0.106291         0.067021         0.619888         15.720100        
  60 -  59     -0.026400        -0.006600         0.007300        -0.085172         0.088925        -0.022864         0.237260         13.458200        
  61 -  60     -0.133400         0.009600         0.051300        -0.068242         0.041801        -0.044157         0.348500         17.998200        
  62 -  61      0.077900         0.218100         0.206100        -0.031503         0.020857         0.004538         0.558998         24.093100        
  63 -  62      0.203800         0.004800         0.620800         0.231954         0.108909         0.157690         1.327953         25.515900        
  64 -  63      0.075600        -0.797200         0.434500        -0.075049        -0.136223         0.220435         1.739007         23.946700        
  65 -  64     -0.240900        -0.148100        -0.322900         0.153851         0.120079        -0.175667         1.161497         24.755800        
  66 -  65      0.063900         0.543600        -0.102000        -0.051749         0.065973         0.000262         0.827484         20.432300        
  67 -  66     -0.018800         0.075300        -0.050300        -0.041452        -0.017628         0.009425         0.212904         17.492000        
  68 -  67      0.001100        -0.153700         0.130800        -0.066759        -0.007418        -0.018588         0.378364         10.304300        
  69 -  68     -0.018500         0.077500        -0.209200        -0.103411         0.048084         0.071122         0.527817         14.112000        
  70 -  69     -0.000600         0.101100        -0.105300        -0.158563        -0.003927        -0.021468         0.390958         10.505600        
  71 -  70      0.006700         0.051000        -0.113000        -0.094946        -0.030543        -0.016755         0.312944         11.801100        
  72 -  71     -0.039100        -0.006400        -0.153000         0.012741         0.045291         0.012828         0.269360         11.747600        
  73 -  72      0.065400         0.256800        -0.208900         0.014050         0.064926         0.045728         0.655804         13.663200        
  74 -  73      0.050500        -0.044400        -0.191700         0.007243         0.004625         0.000436         0.298905         12.755100        
  75 -  74     -0.047700         0.228200        -0.191000        -0.064752         0.020159         0.039532         0.591342         12.778700        
  76 -  75     -0.002200        -0.139500        -0.207600         0.109956        -0.037786        -0.099571         0.596613         18.375600        
  77 -  76     -0.283000        -0.130500        -0.230200        -0.050265         0.100095         0.122348         0.916408         20.161800        
  78 -  77     -0.327200        -0.467300         0.023600         0.139801         0.198880        -0.126362         1.283143         21.062900        
  79 -  78      0.091900        -0.191700         0.372800         0.272969         0.090495        -0.054629         1.074494         17.162300        
  80 -  79      0.113100         0.273100         0.317900        -0.081420        -0.125926         0.076794         0.988240         17.370000        
  81 -  80     -0.106700        -0.096400        -0.158700        -0.053756        -0.021031         0.000087         0.436675         17.005800        
  82 -  81     -0.092000        -0.161400        -0.210700        -0.134652        -0.055763         0.050876         0.705392         22.454900        
