#difference     diff_x           diff_y           diff_z           diff_arc_len_x   diff_arc_len_y   diff_arc_len_z   FD               DVAR
   2 -   1     -0.004000        -0.024600         0.057200        -0.019460         0.007592        -0.001396         0.114249         18.086000        
   3 -   2      0.049300         0.147100        -0.004100         0.062483         0.010908        -0.113970         0.387861         19.841100        
   4 -   3      0.003000        -0.003000        -0.000900        -0.017279        -0.014661         0.002705         0.041545         15.834900        
   5 -   4      0.006700        -0.050700        -0.037500         0.016930        -0.014312         0.007330         0.133472         23.256300        
   6 -   5     -0.005500        -0.029200        -0.004600        -0.021729        -0.007243        -0.016493         0.084766         10.138000        
   7 -   6      0.019000         0.026000         0.008000         0.043284        -0.026267        -0.010297         0.132849         7.396800        
   8 -   7      0.014700         0.077500         0.014400        -0.052622         0.003665         0.013265         0.176151         6.555300        
   9 -   8     -0.007600        -0.087100         0.011500         0.007069        -0.020071        -0.000611         0.133951         7.178900        
  10 -   9      0.010500        -0.009100         0.052300         0.036390        -0.034121         0.003665         0.146076         7.399800        
  11 -  10      0.008000         0.077800        -0.028200        -0.021031         0.010472         0.001571         0.147074         6.075100        
  12 -  11      0.014200        -0.107200        -0.024500         0.050265        -0.012915         0.020769         0.229850         7.596800        
  13 -  12      0.012400         0.055900         0.038300         0.010647         0.005323        -0.016319         0.138889         8.590100        
  14 -  13      0.020100         0.007300        -0.155200         0.129154         0.021642         0.049218         0.382615         9.132300        
  15 -  14     -0.018600        -0.074000         0.053600         0.039619        -0.015097        -0.032114         0.233030         9.784800        
  16 -  15      0.017700         0.004800         0.055600        -0.110479        -0.006545         0.004102         0.199226         8.502700        
  17 -  16      0.030100         0.094200        -0.010000        -0.020508        -0.028100         0.032725         0.215632         9.345200        
  18 -  17     -0.000500        -0.137100         0.021300        -0.021031        -0.013614        -0.020857         0.214401         9.302500        
  19 -  18      0.021500         0.043900         0.025100         0.025482        -0.029758         0.008029         0.153768         7.829100        
  20 -  19     -0.018700         0.002500        -0.042300        -0.006545         0.030805        -0.003927         0.104777         6.327600        
  21 -  20     -0.004000        -0.020300         0.094600        -0.019809        -0.020508        -0.010734         0.169951         6.121800        
  22 -  21     -0.000200         0.068600        -0.038100         0.027838         0.013875         0.005672         0.154286         6.389300        
  23 -  22      0.001700         0.022700        -0.016400        -0.029932         0.008988         0.000611         0.080332         6.094400        
  24 -  23     -0.013300        -0.079100         0.012700         0.015272        -0.004363        -0.013963         0.138698         5.835200        
  25 -  24      0.024800         0.060900         0.045000        -0.014486        -0.030194         0.012915         0.188296         7.285100        
  26 -  25      0.002900        -0.025800        -0.109400         0.033859         0.006894         0.004625         0.183479         5.912000        
  27 -  26      0.010600        -0.052000         0.132200         0.015882        -0.019024        -0.018588         0.248294         6.613100        
  28 -  27      0.016500         0.057900        -0.043600        -0.038921        -0.013439         0.018326         0.188686         7.225600        
  29 -  28      0.018000        -0.014900        -0.043900         0.027751         0.016493        -0.003927         0.124971         7.129200        
  30 -  29     -0.013200        -0.053000         0.047600         0.007069        -0.034383        -0.026616         0.181868         6.768400        
  31 -  30      0.076900         0.114900        -0.025200        -0.018762         0.026442         0.013352         0.275556         12.621900        
  32 -  31     -0.277400        -0.404600        -0.193000         0.039183        -0.120951         0.018326         1.053460         18.907700        
  33 -  32     -0.351900        -0.443900        -0.661600        -0.320268        -0.049655         0.083689         1.911011         15.692700        
  34 -  33     -0.110300        -0.079800        -0.349900        -0.260752         0.209876         0.105331         1.115959         17.522300        
  35 -  34     -0.015200         0.278700         0.210200        -0.046251         0.241466         0.120602         0.912420         17.158300        
  36 -  35      0.140000         0.474200         0.450900        -0.052971         0.133954        -0.063443         1.315467         18.770700        
  37 -  36      0.042000        -0.064200         0.176300         0.071122        -0.056636        -0.028536         0.438794         17.068600        
  38 -  37      0.062100         0.041800         0.157000         0.082118        -0.090234        -0.003840         0.437091         11.408500        
  39 -  38      0.018700         0.066100         0.018900         0.013090        -0.064315        -0.007767         0.188872         7.306300        
  40 -  39      0.027700        -0.060400         0.102100         0.025831        -0.038310        -0.011781         0.266122         7.048100        
  41 -  40      0.031400         0.026800         0.098200         0.036390        -0.039619        -0.005236         0.237645         7.030900        
  42 -  41      0.043000         0.011200        -0.056400         0.045902        -0.014050         0.009861         0.180413         5.996600        
  43 -  42     -0.018300        -0.055400         0.132300         0.003142        -0.056985        -0.021468         0.287594         7.183300        
  44 -  43      0.061700         0.130600        -0.117100         0.056636         0.017104         0.014486         0.397626         8.393400        
  45 -  44     -0.036500        -0.122200         0.086000        -0.015184         0.017628        -0.016842         0.294355         8.597200        
  46 -  45      0.022200         0.034500         0.087300         0.075485         0.000873        -0.000524         0.220882         8.083500        
  47 -  46      0.000200         0.020200        -0.042100        -0.002531         0.012305         0.003054         0.080390         7.483500        
  48 -  47      0.008000        -0.049400         0.046100        -0.014399        -0.030107        -0.003927         0.151933         6.684500        
  49 -  48      0.001700         0.041500        -0.016900         0.037612        -0.006720        -0.009774         0.114205         6.544000        
  50 -  49     -0.000900        -0.051900        -0.018400        -0.032812         0.014573        -0.010472         0.129058         7.661800        
  51 -  50     -0.004500        -0.023800         0.039200         0.019548        -0.004538        -0.012741         0.104326         7.329600        
  52 -  51      0.022800         0.120900        -0.041800         0.003578        -0.005934         0.012915         0.207927         6.327300        
  53 -  52     -0.002500        -0.130300         0.035400        -0.014137         0.001484        -0.023911         0.207732         8.058200        
  54 -  53      0.024500         0.085200         0.062000         0.046513        -0.049829         0.012217         0.280259         7.534000        
  55 -  54     -0.007500        -0.001900        -0.065100        -0.017453         0.015621        -0.003142         0.110716         7.049400        
  56 -  55     -0.011200        -0.053700         0.094200        -0.010297        -0.002967        -0.012741         0.185105         6.186800        
  57 -  56      0.000100         0.081200        -0.053700         0.019373         0.011345         0.013526         0.179244         6.802200        
  58 -  57     -0.024300        -0.074300        -0.005900        -0.011345         0.001658        -0.000087         0.117590         7.144100        
  59 -  58      0.004900         0.066200         0.037500         0.000873        -0.020333         0.002531         0.132336         7.192200        
  60 -  59     -0.000700        -0.058600        -0.001000        -0.026616         0.004712        -0.011956         0.103584         7.590500        
  61 -  60      0.007600         0.032200         0.088500         0.029845        -0.024784        -0.008727         0.191655         6.898300        
  62 -  61     -0.002700         0.006300        -0.088600        -0.013090         0.016057         0.003316         0.130063         7.231500        
  63 -  62     -0.019200        -0.047900         0.103800         0.000175        -0.007069        -0.025133         0.203276         6.463900        
  64 -  63      0.036900         0.106000        -0.039300         0.037176        -0.016057         0.025569         0.261002         6.894600        
  65 -  64      0.001300        -0.130100         0.061500         0.001658         0.003491        -0.013265         0.211313         6.826800        
  66 -  65      0.023900         0.050800         0.095500         0.034732        -0.037699        -0.000436         0.243067         7.205300        
  67 -  66      0.030800         0.019700        -0.035000        -0.008290        -0.000175         0.018850         0.112814         6.478000        
  68 -  67     -0.003100        -0.036600         0.057800        -0.032027         0.013875        -0.007941         0.151343         6.519700        
  69 -  68      0.030800         0.059900         0.007000         0.053843        -0.024871         0.014137         0.190552         8.165000        
  70 -  69      0.002300        -0.045100        -0.069800         0.003142        -0.002793         0.015359         0.138493         7.958000        
  71 -  70      0.000500        -0.027700         0.082700         0.008901        -0.026093        -0.005585         0.151479         7.700700        
  72 -  71     -0.003500         0.030900         0.049800        -0.052447        -0.003491         0.002094         0.142232         8.783700        
  73 -  72     -0.000200         0.009900        -0.106800         0.042150         0.022078         0.002531         0.183659         8.009600        
  74 -  73     -0.026800        -0.042500         0.062000        -0.043110         0.028972        -0.027053         0.230435         7.264900        
  75 -  74     -0.011000         0.001600        -0.053200         0.083078        -0.019286         0.003578         0.171741         7.863700        
  76 -  75      0.022200         0.081700         0.002800        -0.046600         0.004189         0.006894         0.164383         6.985700        
  77 -  76      0.009300        -0.082000        -0.008900         0.003752        -0.010996        -0.000873         0.115821         8.073300        
  78 -  77     -0.032400         0.000000         0.076600         0.026529        -0.013614        -0.017802         0.166945         7.877300        
  79 -  78      0.030400         0.052600        -0.030500        -0.023649        -0.000960         0.011432         0.149541         7.329100        
  80 -  79      0.000100        -0.045600        -0.052400         0.032812         0.015882         0.004625         0.151420         6.390900        
  81 -  80      0.015600        -0.021000         0.112200        -0.021293        -0.027751        -0.017453         0.215297         6.839100        
  82 -  81      0.039800         0.049100        -0.034300         0.009599        -0.009163         0.018762         0.160725         8.515100        
