#mat2dat ANONYMIZED.mat -n2 -D -R
#$Id: mat2dat.c,v 1.10 2010/02/10 06:59:09 avi Exp avi $
#frame    dx(mm)    dy(mm)    dz(mm)    X(deg)    Y(deg)    Z(deg)     scale
     1   -1.3472    2.2737   -4.0064   -6.2649    1.5168    0.5455    0.9943
     2   -1.3076    2.3165   -3.9591   -6.2020    1.5456    0.5610    0.9966
     3   -1.4411    2.2566   -3.9791   -6.1806    1.7587    0.3600    0.9982
     4   -1.4294    2.2630   -4.0227   -6.1335    1.7398    0.3598    0.9989
     5   -1.4007    2.2250   -4.0327   -6.0785    1.7592    0.3415    0.9994
     6   -1.3890    2.2373   -4.0839   -5.9904    1.7697    0.3382    1.0010
     7   -1.3719    2.1945   -3.9047   -6.2836    1.6679    0.4407    1.0058
     8   -1.3576    2.4008   -3.4279   -6.6711    1.5806    0.4687    1.0051
     9   -1.3196    2.4422   -3.3707   -6.8176    1.5175    0.5509    1.0065
    10   -1.3172    2.3728   -3.3470   -6.8112    1.5548    0.5544    1.0032
    11   -1.3105    2.3089   -3.3510   -6.7364    1.5420    0.5081    1.0034
    12   -1.3162    2.3251   -3.2990   -6.7135    1.5616    0.4808    1.0015
    13   -1.3459    2.3832   -3.3190   -6.6755    1.5740    0.4249    1.0018
    14   -1.3384    2.3245   -3.2644   -6.7391    1.5553    0.4411    1.0001
    15   -1.3135    2.3266   -3.2123   -6.7359    1.5438    0.4327    1.0009
    16   -1.3146    2.4126   -3.1637   -6.7548    1.5179    0.4629    1.0014
    17   -1.2922    2.2668   -3.1152   -6.7217    1.5275    0.4664    1.0020
    18   -1.3175    2.3083   -3.0098   -6.7656    1.4848    0.4738    0.9980
    19   -1.2882    2.4045   -3.1297   -6.7801    1.5391    0.5171    1.0013
    20   -1.2574    2.3773   -3.1624   -6.8208    1.4546    0.7598    0.9975
    21   -1.2104    2.2508   -3.3136   -6.7406    1.3853    0.9759    0.9985
    22   -1.3791    2.3780   -3.2842   -6.8485    1.3774    0.7857    0.9958
    23   -1.5187    2.0946   -3.1903   -6.7384    1.3805    0.5268    1.0098
    24   -1.7561    2.2316   -3.1452   -6.7505    1.4166    0.4923    0.9880
    25   -1.7577    2.3058   -3.8421   -6.6817    1.5514    0.4987    1.0202
    26   -1.7153    2.2987   -4.0354   -6.9650    1.5898    0.5069    1.0117
    27   -1.7777    2.2976   -3.9012   -6.7265    1.6348    0.4837    0.9914
    28   -1.6891    2.2357   -3.8083   -6.7470    1.6014    0.5215    1.0060
    29   -1.5911    2.3045   -3.6449   -6.7147    1.6886    0.6323    0.9965
    30   -1.5465    2.2957   -3.6330   -6.6464    1.7324    0.6132    0.9990
    31   -1.4727    2.3584   -3.5695   -6.6625    1.7355    0.6674    0.9954
    32   -1.4998    2.3800   -3.7496   -6.7344    1.7397    0.6682    0.9998
    33   -1.5527    2.2948   -3.6559   -6.7336    1.7076    0.6178    0.9914
    34   -1.6118    2.3478   -3.6917   -6.8009    1.6977    0.5855    0.9945
    35   -1.5778    2.4384   -3.6582   -6.8369    1.6854    0.5845    0.9912
    36   -1.5266    2.3871   -3.6961   -6.8972    1.6730    0.6212    0.9975
    37   -1.5241    2.3735   -3.7072   -6.8141    1.6460    0.6161    0.9938
    38   -1.4469    2.5168   -3.8569   -6.9658    1.6460    0.6833    1.0001
    39   -1.4201    2.3653   -3.8135   -6.9630    1.5797    0.7619    0.9958
    40   -1.3921    2.4546   -3.7824   -7.1455    1.4355    0.9199    1.0036
    41   -1.4278    2.5587   -3.8634   -7.3686    1.3464    1.0038    1.0045
    42   -1.3111    2.4543   -3.7266   -7.9131    1.2889    1.0907    0.9961
    43   -1.1872    2.4974   -3.5861   -7.9330    1.2799    1.1608    0.9947
    44   -1.2221    2.5683   -3.7263   -7.9277    1.3294    1.1679    1.0024
    45   -1.2457    2.4618   -3.6054   -7.9224    1.3023    1.1390    0.9965
    46   -1.2395    2.5615   -3.6925   -7.9665    1.3053    1.1743    1.0003
    47   -1.2203    2.5053   -3.6807   -7.9036    1.2985    1.1647    0.9938
    48   -1.2706    2.5396   -3.7785   -7.8951    1.3416    1.1751    0.9980
    49   -1.2144    2.4453   -3.6319   -7.7925    1.2906    1.1521    0.9901
    50   -1.2535    2.5802   -3.7848   -7.8875    1.3159    1.1715    1.0035
    51   -1.2174    2.3887   -3.5535   -7.7201    1.2830    1.0844    0.9895
    52   -1.4003    2.7167   -4.1735   -7.8668    1.3155    1.1833    1.0262
    53   -1.2025    1.7505   -3.4928   -6.5833    1.1165    0.8900    1.0345
    54   -1.1732    2.3115   -2.2767   -7.4337    0.6229    0.7148    1.0702
    55   -1.2757    2.8681   -4.3005   -7.3568    0.8000    0.7524    1.0271
    56   -1.1520    2.0143   -4.0421   -6.4491    0.8324    0.8099    0.9961
    57   -0.9734    0.9135   -2.0872   -4.4080    0.5000    0.1609    1.0353
    58   -0.9192    0.8865   -1.2639   -2.9036    0.2455   -0.2947    0.9979
    59   -0.9082    1.1370   -1.3234   -2.7597    0.1237   -0.2179    1.0119
    60   -0.9346    1.1304   -1.3161   -2.8573    0.2256   -0.2441    1.0045
    61   -1.0680    1.1400   -1.2648   -2.9355    0.2735   -0.2947    1.0048
    62   -0.9901    1.3581   -1.0587   -2.9716    0.2974   -0.2895    0.9934
    63   -0.7863    1.3629   -0.4379   -2.7058    0.4222   -0.1088    1.0018
    64   -0.7107    0.5657   -0.0034   -2.7918    0.2661    0.1438    0.9924
    65   -0.9516    0.4176   -0.3263   -2.6155    0.4037   -0.0575    1.0041
    66   -0.8877    0.9612   -0.4283   -2.6748    0.4793   -0.0572    1.0010
    67   -0.9065    1.0365   -0.4786   -2.7223    0.4591   -0.0464    1.0030
    68   -0.9054    0.8828   -0.3478   -2.7988    0.4506   -0.0677    0.9983
    69   -0.9239    0.9603   -0.5570   -2.9173    0.5057    0.0138    1.0071
    70   -0.9245    1.0614   -0.6623   -3.0990    0.5012   -0.0108    1.0074
    71   -0.9178    1.1124   -0.7753   -3.2078    0.4662   -0.0300    1.0058
    72   -0.9569    1.1060   -0.9283   -3.1932    0.5181   -0.0153    1.0076
    73   -0.8915    1.3628   -1.1372   -3.1771    0.5925    0.0371    1.0045
    74   -0.8410    1.3184   -1.3289   -3.1688    0.5978    0.0376    0.9985
    75   -0.8887    1.5466   -1.5199   -3.2430    0.6209    0.0829    0.9988
    76   -0.8909    1.4071   -1.7275   -3.1170    0.5776   -0.0312    1.0036
    77   -1.1739    1.2766   -1.9577   -3.1746    0.6923    0.1090    0.9978
    78   -1.5011    0.8093   -1.9341   -3.0144    0.9202   -0.0358    0.9994
    79   -1.4092    0.6176   -1.5613   -2.7016    1.0239   -0.0984    1.0263
    80   -1.2961    0.8907   -1.2434   -2.7949    0.8796   -0.0104    1.0075
    81   -1.4028    0.7943   -1.4021   -2.8565    0.8555   -0.0103    1.0132
    82   -1.4948    0.6329   -1.6128   -3.0108    0.7916    0.0480    1.0151
#counting 80 out of 82 frames
#mean    -1.2694    1.9294   -2.7847   -5.6783    1.1664    0.4586    1.0034
#s.d.     0.2523    0.6644    1.2514    1.9355    0.5052    0.4259    0.0120
#rms translation (mm)         1.4391
#rms rotation (deg)           2.0452
#total rms movement at radius=50 mm     2.2927
